80	80	100
80.01	80.01	100
80.02	80.02	100
80.03	80.03	100
80.04	80.04	100
80.05	80.05	100
80.06	80.06	100
80.07	80.07	100
80.08	80.08	100
80.09	80.09	100
80.1	80.1	100
80.11	80.11	100
80.12	80.12	100
80.13	80.13	100
80.14	80.14	100
80.15	80.15	100
80.16	80.16	100
80.17	80.17	100
80.18	80.18	100
80.19	80.19	100
80.2	80.2	100
80.21	80.21	100
80.22	80.22	100
80.23	80.23	100
80.24	80.24	100
80.25	80.25	100
80.26	80.26	100
80.27	80.27	100
80.28	80.28	100
80.29	80.29	100
80.3	80.3	100
80.31	80.31	100
80.32	80.32	100
80.33	80.33	100
80.34	80.34	100
80.35	80.35	100
80.36	80.36	100
80.37	80.37	100
80.38	80.38	100
80.39	80.39	100
80.4	80.4	100
80.41	80.41	100
80.42	80.42	100
80.43	80.43	100
80.44	80.44	100
80.45	80.45	100
80.46	80.46	100
80.47	80.47	100
80.48	80.48	100
80.49	80.49	100
80.5	80.5	100
80.51	80.51	100
80.52	80.52	100
80.53	80.53	100
80.54	80.54	100
80.55	80.55	100
80.56	80.56	100
80.57	80.57	100
80.58	80.58	100
80.59	80.59	100
80.6	80.6	100
80.61	80.61	100
80.62	80.62	100
80.63	80.63	100
80.64	80.64	100
80.65	80.65	100
80.66	80.66	100
80.67	80.67	100
80.68	80.68	100
80.69	80.69	100
80.7	80.7	100
80.71	80.71	100
80.72	80.72	100
80.73	80.73	100
80.74	80.74	100
80.75	80.75	100
80.76	80.76	100
80.77	80.77	100
80.78	80.78	100
80.79	80.79	100
80.8	80.8	100
80.81	80.81	100
80.82	80.82	100
80.83	80.83	100
80.84	80.84	100
80.85	80.85	100
80.86	80.86	100
80.87	80.87	100
80.88	80.88	100
80.89	80.89	100
80.9	80.9	100
80.91	80.91	100
80.92	80.92	100
80.93	80.93	100
80.94	80.94	100
80.95	80.95	100
80.96	80.96	100
80.97	80.97	100
80.98	80.98	100
80.99	80.99	100
81	81	100
81.01	81.01	100
81.02	81.02	100
81.03	81.03	100
81.04	81.04	100
81.05	81.05	100
81.06	81.06	100
81.07	81.07	100
81.08	81.08	100
81.09	81.09	100
81.1	81.1	100
81.11	81.11	100
81.12	81.12	100
81.13	81.13	100
81.14	81.14	100
81.15	81.15	100
81.16	81.16	100
81.17	81.17	100
81.18	81.18	100
81.19	81.19	100
81.2	81.2	100
81.21	81.21	100
81.22	81.22	100
81.23	81.23	100
81.24	81.24	100
81.25	81.25	100
81.26	81.26	100
81.27	81.27	100
81.28	81.28	100
81.29	81.29	100
81.3	81.3	100
81.31	81.31	100
81.32	81.32	100
81.33	81.33	100
81.34	81.34	100
81.35	81.35	100
81.36	81.36	100
81.37	81.37	100
81.38	81.38	100
81.39	81.39	100
81.4	81.4	100
81.41	81.41	100
81.42	81.42	100
81.43	81.43	100
81.44	81.44	100
81.45	81.45	100
81.46	81.46	100
81.47	81.47	100
81.48	81.48	100
81.49	81.49	100
81.5	81.5	100
81.51	81.51	100
81.52	81.52	100
81.53	81.53	100
81.54	81.54	100
81.55	81.55	100
81.56	81.56	100
81.57	81.57	100
81.58	81.58	100
81.59	81.59	100
81.6	81.6	100
81.61	81.61	100
81.62	81.62	100
81.63	81.63	100
81.64	81.64	100
81.65	81.65	100
81.66	81.66	100
81.67	81.67	100
81.68	81.68	100
81.69	81.69	100
81.7	81.7	100
81.71	81.71	100
81.72	81.72	100
81.73	81.73	100
81.74	81.74	100
81.75	81.75	100
81.76	81.76	100
81.77	81.77	100
81.78	81.78	100
81.79	81.79	100
81.8	81.8	100
81.81	81.81	100
81.82	81.82	100
81.83	81.83	100
81.84	81.84	100
81.85	81.85	100
81.86	81.86	100
81.87	81.87	100
81.88	81.88	100
81.89	81.89	100
81.9	81.9	100
81.91	81.91	100
81.92	81.92	100
81.93	81.93	100
81.94	81.94	100
81.95	81.95	100
81.96	81.96	100
81.97	81.97	100
81.98	81.98	100
81.99	81.99	100
82	82	100
82.01	82.01	100
82.02	82.02	100
82.03	82.03	100
82.04	82.04	100
82.05	82.05	100
82.06	82.06	100
82.07	82.07	100
82.08	82.08	100
82.09	82.09	100
82.1	82.1	100
82.11	82.11	100
82.12	82.12	100
82.13	82.13	100
82.14	82.14	100
82.15	82.15	100
82.16	82.16	100
82.17	82.17	100
82.18	82.18	100
82.19	82.19	100
82.2	82.2	100
82.21	82.21	100
82.22	82.22	100
82.23	82.23	100
82.24	82.24	100
82.25	82.25	100
82.26	82.26	100
82.27	82.27	100
82.28	82.28	100
82.29	82.29	100
82.3	82.3	100
82.31	82.31	100
82.32	82.32	100
82.33	82.33	100
82.34	82.34	100
82.35	82.35	100
82.36	82.36	100
82.37	82.37	100
82.38	82.38	100
82.39	82.39	100
82.4	82.4	100
82.41	82.41	100
82.42	82.42	100
82.43	82.43	100
82.44	82.44	100
82.45	82.45	100
82.46	82.46	100
82.47	82.47	100
82.48	82.48	100
82.49	82.49	100
82.5	82.5	100
82.51	82.51	100
82.52	82.52	100
82.53	82.53	100
82.54	82.54	100
82.55	82.55	100
82.56	82.56	100
82.57	82.57	100
82.58	82.58	100
82.59	82.59	100
82.6	82.6	100
82.61	82.61	100
82.62	82.62	100
82.63	82.63	100
82.64	82.64	100
82.65	82.65	100
82.66	82.66	100
82.67	82.67	100
82.68	82.68	100
82.69	82.69	100
82.7	82.7	100
82.71	82.71	100
82.72	82.72	100
82.73	82.73	100
82.74	82.74	100
82.75	82.75	100
82.76	82.76	100
82.77	82.77	100
82.78	82.78	100
82.79	82.79	100
82.8	82.8	100
82.81	82.81	100
82.82	82.82	100
82.83	82.83	100
82.84	82.84	100
82.85	82.85	100
82.86	82.86	100
82.87	82.87	100
82.88	82.88	100
82.89	82.89	100
82.9	82.9	100
82.91	82.91	100
82.92	82.92	100
82.93	82.93	100
82.94	82.94	100
82.95	82.95	100
82.96	82.96	100
82.97	82.97	100
82.98	82.98	100
82.99	82.99	100
83	83	100
83.01	83.01	100
83.02	83.02	100
83.03	83.03	100
83.04	83.04	100
83.05	83.05	100
83.06	83.06	100
83.07	83.07	100
83.08	83.08	100
83.09	83.09	100
83.1	83.1	100
83.11	83.11	100
83.12	83.12	100
83.13	83.13	100
83.14	83.14	100
83.15	83.15	100
83.16	83.16	100
83.17	83.17	100
83.18	83.18	100
83.19	83.19	100
83.2	83.2	100
83.21	83.21	100
83.22	83.22	100
83.23	83.23	100
83.24	83.24	100
83.25	83.25	100
83.26	83.26	100
83.27	83.27	100
83.28	83.28	100
83.29	83.29	100
83.3	83.3	100
83.31	83.31	100
83.32	83.32	100
83.33	83.33	100
83.34	83.34	100
83.35	83.35	100
83.36	83.36	100
83.37	83.37	100
83.38	83.38	100
83.39	83.39	100
83.4	83.4	100
83.41	83.41	100
83.42	83.42	100
83.43	83.43	100
83.44	83.44	100
83.45	83.45	100
83.46	83.46	100
83.47	83.47	100
83.48	83.48	100
83.49	83.49	100
83.5	83.5	100
83.51	83.51	100
83.52	83.52	100
83.53	83.53	100
83.54	83.54	100
83.55	83.55	100
83.56	83.56	100
83.57	83.57	100
83.58	83.58	100
83.59	83.59	100
83.6	83.6	100
83.61	83.61	100
83.62	83.62	100
83.63	83.63	100
83.64	83.64	100
83.65	83.65	100
83.66	83.66	100
83.67	83.67	100
83.68	83.68	100
83.69	83.69	100
83.7	83.7	100
83.71	83.71	100
83.72	83.72	100
83.73	83.73	100
83.74	83.74	100
83.75	83.75	100
83.76	83.76	100
83.77	83.77	100
83.78	83.78	100
83.79	83.79	100
83.8	83.8	100
83.81	83.81	100
83.82	83.82	100
83.83	83.83	100
83.84	83.84	100
83.85	83.85	100
83.86	83.86	100
83.87	83.87	100
83.88	83.88	100
83.89	83.89	100
83.9	83.9	100
83.91	83.91	100
83.92	83.92	100
83.93	83.93	100
83.94	83.94	100
83.95	83.95	100
83.96	83.96	100
83.97	83.97	100
83.98	83.98	100
83.99	83.99	100
84	84	100
84.01	84.01	100
84.02	84.02	100
84.03	84.03	100
84.04	84.04	100
84.05	84.05	100
84.06	84.06	100
84.07	84.07	100
84.08	84.08	100
84.09	84.09	100
84.1	84.1	100
84.11	84.11	100
84.12	84.12	100
84.13	84.13	100
84.14	84.14	100
84.15	84.15	100
84.16	84.16	100
84.17	84.17	100
84.18	84.18	100
84.19	84.19	100
84.2	84.2	100
84.21	84.21	100
84.22	84.22	100
84.23	84.23	100
84.24	84.24	100
84.25	84.25	100
84.26	84.26	100
84.27	84.27	100
84.28	84.28	100
84.29	84.29	100
84.3	84.3	100
84.31	84.31	100
84.32	84.32	100
84.33	84.33	100
84.34	84.34	100
84.35	84.35	100
84.36	84.36	100
84.37	84.37	100
84.38	84.38	100
84.39	84.39	100
84.4	84.4	100
84.41	84.41	100
84.42	84.42	100
84.43	84.43	100
84.44	84.44	100
84.45	84.45	100
84.46	84.46	100
84.47	84.47	100
84.48	84.48	100
84.49	84.49	100
84.5	84.5	100
84.51	84.51	100
84.52	84.52	100
84.53	84.53	100
84.54	84.54	100
84.55	84.55	100
84.56	84.56	100
84.57	84.57	100
84.58	84.58	100
84.59	84.59	100
84.6	84.6	100
84.61	84.61	100
84.62	84.62	100
84.63	84.63	100
84.64	84.64	100
84.65	84.65	100
84.66	84.66	100
84.67	84.67	100
84.68	84.68	100
84.69	84.69	100
84.7	84.7	100
84.71	84.71	100
84.72	84.72	100
84.73	84.73	100
84.74	84.74	100
84.75	84.75	100
84.76	84.76	100
84.77	84.77	100
84.78	84.78	100
84.79	84.79	100
84.8	84.8	100
84.81	84.81	100
84.82	84.82	100
84.83	84.83	100
84.84	84.84	100
84.85	84.85	100
84.86	84.86	100
84.87	84.87	100
84.88	84.88	100
84.89	84.89	100
84.9	84.9	100
84.91	84.91	100
84.92	84.92	100
84.93	84.93	100
84.94	84.94	100
84.95	84.95	100
84.96	84.96	100
84.97	84.97	100
84.98	84.98	100
84.99	84.99	100
85	85	100
85.01	85.01	100
85.02	85.02	100
85.03	85.03	100
85.04	85.04	100
85.05	85.05	100
85.06	85.06	100
85.07	85.07	100
85.08	85.08	100
85.09	85.09	100
85.1	85.1	100
85.11	85.11	100
85.12	85.12	100
85.13	85.13	100
85.14	85.14	100
85.15	85.15	100
85.16	85.16	100
85.17	85.17	100
85.18	85.18	100
85.19	85.19	100
85.2	85.2	100
85.21	85.21	100
85.22	85.22	100
85.23	85.23	100
85.24	85.24	100
85.25	85.25	100
85.26	85.26	100
85.27	85.27	100
85.28	85.28	100
85.29	85.29	100
85.3	85.3	100
85.31	85.31	100
85.32	85.32	100
85.33	85.33	100
85.34	85.34	100
85.35	85.35	100
85.36	85.36	100
85.37	85.37	100
85.38	85.38	100
85.39	85.39	100
85.4	85.4	100
85.41	85.41	100
85.42	85.42	100
85.43	85.43	100
85.44	85.44	100
85.45	85.45	100
85.46	85.46	100
85.47	85.47	100
85.48	85.48	100
85.49	85.49	100
85.5	85.5	100
85.51	85.51	100
85.52	85.52	100
85.53	85.53	100
85.54	85.54	100
85.55	85.55	100
85.56	85.56	100
85.57	85.57	100
85.58	85.58	100
85.59	85.59	100
85.6	85.6	100
85.61	85.61	100
85.62	85.62	100
85.63	85.63	100
85.64	85.64	100
85.65	85.65	100
85.66	85.66	100
85.67	85.67	100
85.68	85.68	100
85.69	85.69	100
85.7	85.7	100
85.71	85.71	100
85.72	85.72	100
85.73	85.73	100
85.74	85.74	100
85.75	85.75	100
85.76	85.76	100
85.77	85.77	100
85.78	85.78	100
85.79	85.79	100
85.8	85.8	100
85.81	85.81	100
85.82	85.82	100
85.83	85.83	100
85.84	85.84	100
85.85	85.85	100
85.86	85.86	100
85.87	85.87	100
85.88	85.88	100
85.89	85.89	100
85.9	85.9	100
85.91	85.91	100
85.92	85.92	100
85.93	85.93	100
85.94	85.94	100
85.95	85.95	100
85.96	85.96	100
85.97	85.97	100
85.98	85.98	100
85.99	85.99	100
86	86	100
86.01	86.01	100
86.02	86.02	100
86.03	86.03	100
86.04	86.04	100
86.05	86.05	100
86.06	86.06	100
86.07	86.07	100
86.08	86.08	100
86.09	86.09	100
86.1	86.1	100
86.11	86.11	100
86.12	86.12	100
86.13	86.13	100
86.14	86.14	100
86.15	86.15	100
86.16	86.16	100
86.17	86.17	100
86.18	86.18	100
86.19	86.19	100
86.2	86.2	100
86.21	86.21	100
86.22	86.22	100
86.23	86.23	100
86.24	86.24	100
86.25	86.25	100
86.26	86.26	100
86.27	86.27	100
86.28	86.28	100
86.29	86.29	100
86.3	86.3	100
86.31	86.31	100
86.32	86.32	100
86.33	86.33	100
86.34	86.34	100
86.35	86.35	100
86.36	86.36	100
86.37	86.37	100
86.38	86.38	100
86.39	86.39	100
86.4	86.4	100
86.41	86.41	100
86.42	86.42	100
86.43	86.43	100
86.44	86.44	100
86.45	86.45	100
86.46	86.46	100
86.47	86.47	100
86.48	86.48	100
86.49	86.49	100
86.5	86.5	100
86.51	86.51	100
86.52	86.52	100
86.53	86.53	100
86.54	86.54	100
86.55	86.55	100
86.56	86.56	100
86.57	86.57	100
86.58	86.58	100
86.59	86.59	100
86.6	86.6	100
86.61	86.61	100
86.62	86.62	100
86.63	86.63	100
86.64	86.64	100
86.65	86.65	100
86.66	86.66	100
86.67	86.67	100
86.68	86.68	100
86.69	86.69	100
86.7	86.7	100
86.71	86.71	100
86.72	86.72	100
86.73	86.73	100
86.74	86.74	100
86.75	86.75	100
86.76	86.76	100
86.77	86.77	100
86.78	86.78	100
86.79	86.79	100
86.8	86.8	100
86.81	86.81	100
86.82	86.82	100
86.83	86.83	100
86.84	86.84	100
86.85	86.85	100
86.86	86.86	100
86.87	86.87	100
86.88	86.88	100
86.89	86.89	100
86.9	86.9	100
86.91	86.91	100
86.92	86.92	100
86.93	86.93	100
86.94	86.94	100
86.95	86.95	100
86.96	86.96	100
86.97	86.97	100
86.98	86.98	100
86.99	86.99	100
87	87	100
87.01	87.01	100
87.02	87.02	100
87.03	87.03	100
87.04	87.04	100
87.05	87.05	100
87.06	87.06	100
87.07	87.07	100
87.08	87.08	100
87.09	87.09	100
87.1	87.1	100
87.11	87.11	100
87.12	87.12	100
87.13	87.13	100
87.14	87.14	100
87.15	87.15	100
87.16	87.16	100
87.17	87.17	100
87.18	87.18	100
87.19	87.19	100
87.2	87.2	100
87.21	87.21	100
87.22	87.22	100
87.23	87.23	100
87.24	87.24	100
87.25	87.25	100
87.26	87.26	100
87.27	87.27	100
87.28	87.28	100
87.29	87.29	100
87.3	87.3	100
87.31	87.31	100
87.32	87.32	100
87.33	87.33	100
87.34	87.34	100
87.35	87.35	100
87.36	87.36	100
87.37	87.37	100
87.38	87.38	100
87.39	87.39	100
87.4	87.4	100
87.41	87.41	100
87.42	87.42	100
87.43	87.43	100
87.44	87.44	100
87.45	87.45	100
87.46	87.46	100
87.47	87.47	100
87.48	87.48	100
87.49	87.49	100
87.5	87.5	100
87.51	87.51	100
87.52	87.52	100
87.53	87.53	100
87.54	87.54	100
87.55	87.55	100
87.56	87.56	100
87.57	87.57	100
87.58	87.58	100
87.59	87.59	100
87.6	87.6	100
87.61	87.61	100
87.62	87.62	100
87.63	87.63	100
87.64	87.64	100
87.65	87.65	100
87.66	87.66	100
87.67	87.67	100
87.68	87.68	100
87.69	87.69	100
87.7	87.7	100
87.71	87.71	100
87.72	87.72	100
87.73	87.73	100
87.74	87.74	100
87.75	87.75	100
87.76	87.76	100
87.77	87.77	100
87.78	87.78	100
87.79	87.79	100
87.8	87.8	100
87.81	87.81	100
87.82	87.82	100
87.83	87.83	100
87.84	87.84	100
87.85	87.85	100
87.86	87.86	100
87.87	87.87	100
87.88	87.88	100
87.89	87.89	100
87.9	87.9	100
87.91	87.91	100
87.92	87.92	100
87.93	87.93	100
87.94	87.94	100
87.95	87.95	100
87.96	87.96	100
87.97	87.97	100
87.98	87.98	100
87.99	87.99	100
88	88	100
88.01	88.01	100
88.02	88.02	100
88.03	88.03	100
88.04	88.04	100
88.05	88.05	100
88.06	88.06	100
88.07	88.07	100
88.08	88.08	100
88.09	88.09	100
88.1	88.1	100
88.11	88.11	100
88.12	88.12	100
88.13	88.13	100
88.14	88.14	100
88.15	88.15	100
88.16	88.16	100
88.17	88.17	100
88.18	88.18	100
88.19	88.19	100
88.2	88.2	100
88.21	88.21	100
88.22	88.22	100
88.23	88.23	100
88.24	88.24	100
88.25	88.25	100
88.26	88.26	100
88.27	88.27	100
88.28	88.28	100
88.29	88.29	100
88.3	88.3	100
88.31	88.31	100
88.32	88.32	100
88.33	88.33	100
88.34	88.34	100
88.35	88.35	100
88.36	88.36	100
88.37	88.37	100
88.38	88.38	100
88.39	88.39	100
88.4	88.4	100
88.41	88.41	100
88.42	88.42	100
88.43	88.43	100
88.44	88.44	100
88.45	88.45	100
88.46	88.46	100
88.47	88.47	100
88.48	88.48	100
88.49	88.49	100
88.5	88.5	100
88.51	88.51	100
88.52	88.52	100
88.53	88.53	100
88.54	88.54	100
88.55	88.55	100
88.56	88.56	100
88.57	88.57	100
88.58	88.58	100
88.59	88.59	100
88.6	88.6	100
88.61	88.61	100
88.62	88.62	100
88.63	88.63	100
88.64	88.64	100
88.65	88.65	100
88.66	88.66	100
88.67	88.67	100
88.68	88.68	100
88.69	88.69	100
88.7	88.7	100
88.71	88.71	100
88.72	88.72	100
88.73	88.73	100
88.74	88.74	100
88.75	88.75	100
88.76	88.76	100
88.77	88.77	100
88.78	88.78	100
88.79	88.79	100
88.8	88.8	100
88.81	88.81	100
88.82	88.82	100
88.83	88.83	100
88.84	88.84	100
88.85	88.85	100
88.86	88.86	100
88.87	88.87	100
88.88	88.88	100
88.89	88.89	100
88.9	88.9	100
88.91	88.91	100
88.92	88.92	100
88.93	88.93	100
88.94	88.94	100
88.95	88.95	100
88.96	88.96	100
88.97	88.97	100
88.98	88.98	100
88.99	88.99	100
89	89	100
89.01	89.01	100
89.02	89.02	100
89.03	89.03	100
89.04	89.04	100
89.05	89.05	100
89.06	89.06	100
89.07	89.07	100
89.08	89.08	100
89.09	89.09	100
89.1	89.1	100
89.11	89.11	100
89.12	89.12	100
89.13	89.13	100
89.14	89.14	100
89.15	89.15	100
89.16	89.16	100
89.17	89.17	100
89.18	89.18	100
89.19	89.19	100
89.2	89.2	100
89.21	89.21	100
89.22	89.22	100
89.23	89.23	100
89.24	89.24	100
89.25	89.25	100
89.26	89.26	100
89.27	89.27	100
89.28	89.28	100
89.29	89.29	100
89.3	89.3	100
89.31	89.31	100
89.32	89.32	100
89.33	89.33	100
89.34	89.34	100
89.35	89.35	100
89.36	89.36	100
89.37	89.37	100
89.38	89.38	100
89.39	89.39	100
89.4	89.4	100
89.41	89.41	100
89.42	89.42	100
89.43	89.43	100
89.44	89.44	100
89.45	89.45	100
89.46	89.46	100
89.47	89.47	100
89.48	89.48	100
89.49	89.49	100
89.5	89.5	100
89.51	89.51	100
89.52	89.52	100
89.53	89.53	100
89.54	89.54	100
89.55	89.55	100
89.56	89.56	100
89.57	89.57	100
89.58	89.58	100
89.59	89.59	100
89.6	89.6	100
89.61	89.61	100
89.62	89.62	100
89.63	89.63	100
89.64	89.64	100
89.65	89.65	100
89.66	89.66	100
89.67	89.67	100
89.68	89.68	100
89.69	89.69	100
89.7	89.7	100
89.71	89.71	100
89.72	89.72	100
89.73	89.73	100
89.74	89.74	100
89.75	89.75	100
89.76	89.76	100
89.77	89.77	100
89.78	89.78	100
89.79	89.79	100
89.8	89.8	100
89.81	89.81	100
89.82	89.82	100
89.83	89.83	100
89.84	89.84	100
89.85	89.85	100
89.86	89.86	100
89.87	89.87	100
89.88	89.88	100
89.89	89.89	100
89.9	89.9	100
89.91	89.91	100
89.92	89.92	100
89.93	89.93	100
89.94	89.94	100
89.95	89.95	100
89.96	89.96	100
89.97	89.97	100
89.98	89.98	100
89.99	89.99	100
90	90	100
